16 31 35 62
1 7 9 11 12 13 16 17 19 21 27 28 34 35 36 37 38 40 41 42 46 47 48 49 52 53 54 59 61
1 3 4 5 8 13 17 18 28 29 31 35 37 41 49 52 56 57
3 6 16 29 33 37 46 55 62 63
1 6 7 8 10 13 16 19 20 23 26 27 28 29 32 34 35 38 40 43 46 52 55 57 63
7 15 17 24 28 36 39 43 44 45 48 54 56
1 2 3 4 6 7 12 14 17 18 20 21 22 24 26 31 33 34 35 38 43 44 45 46 49 50 51 57 61 62
2 13 24 30 35 45 49 64
1 4 6 7 11 14 20 22 24 27 30 31 36 37 44 46 57 59 60
1 3 5 8 10 13 19 22 23 24 27 28 30 33 34 37 38 40 42 43 47 48 49 51 55 56 57 59 60
1 4 7 9 10 12 16 19 20 24 25 34 35 37 39 51 52 53 54 62
2 3 9 10 11 29 40 53 57
1 3 5 6 7 9 10 11 12 13 15 16 17 24 25 26 27 39 40 41 46 53 62 63
12 20 29 36 42 52 53
12 18 22 24 50 52
